2451283335
2448783750
2448514024
2445250472
2444789049
2444137771
2443784470
2442512119
2440599892
2440599799
2439794537
2439742284
2439549171
2439549168
2439148606
2436754668
2436229041
2436015227
2435517019
2433719184
2434048547
2425766261
2425626820
2417834809
2417739741
2417695045
2409811273
2344071647
2329499578
2321281215
2311311230
2302277572
2297725766
2287275727
2281006504
2273637985
2268876160
2267616392
2266224681
2249639580
2237004011
2222414581
2210258156
2204492982
2202568712
2200114218
2187749909
2187369236
2187092405
2185463875
2184340167
2182370758
2178500977
2154948027
2151004638
2137087022
2136823566
2131645341
2130649890
2124029830
2117291470
2117047981
2116780500
2116300133
2115094911
2113030283
2112454985
2109085310
2109085306
2109085149
2108722538
2108721651
2104929900
2104061619
2103417247
2103416833
2102687210
2101152997
2100152971
2100151735
2099776989
2096276026
2096264516
2087448223
2086091560
2085431226
2075332365
2072613593
2071996072
2070073748
2066941458
2066233277
2065704637
2064606085
2064057511
2061742654
2059394840
2056106772
2052509112
2050307113
2047680273
2046993896
2046423799
2045922345
2043005446
2042004254
2041494979
2038571435
2034637145
2034637081
2034138297
2033174990
2032329060
2031220591
2027446443
2024924605
2024924222
2024721981
2024312413
2023882479
2023610451
2023610070
2022485535
2022485175
2022087021
2026272672
2020669645
2020427943
2020246804
2019973970
2019973395
2019973385
2019723295
2019722702
2019720789
2019235486
2018490735
2018488177
2018484966
2018484272
2017345 09
2016913116
2016223082
2016201843
2015705922
2015250718
2015248747
2014878397
2014612073
2014385516
2014385019
2014095174
2014090355
2014090252
2014090102
2014090098
2014089838
2013708563
2013700739
2013390739
2013388223
2013385090
2013123672
2013120400
2012827073
2012372323
2011987449
2011474525
2011149358
2010642407
605798298
605795703
595902089
579970255
433611366
433390553
